4294967294,472
4294967279,293
4294967293,131
4294967293,130
4294967293,129
4294967293,128
4294967293,127
4294967293,126
4294967293,125
4294967293,124
4294967293,123
4294967293,122
4294967293,121
4294967293,120
4294967293,119
4294967293,118
4294967293,117
4294967293,116
4294967293,115
4294967293,114
4294967293,113
4294967293,112
4294967293,111
4294967293,110
4294967293,109
4294967293,108
4294967293,107
4294967293,106
4294967293,105
4294967293,104
4294967293,103
4294967293,102
4294967293,101
4294967293,100
4294967293,99
4294967293,98
4294967293,97
4294967293,96
4294967293,95
4294967293,94
4294967293,93
4294967293,92
4294967293,91
4294967293,90
4294967293,89
4294967293,88
4294967293,87
4294967293,86
4294967293,85
4294967293,84
4294967293,83
4294967293,82
4294967293,81
4294967293,80
4294967293,79
4294967293,78
4294967293,77
4294967293,76
4294967293,75
4294967293,74
4294967293,73
4294967293,72
4294967293,71
4294967293,70
4294967293,69
4294967293,68
4294967293,67
4294967293,66
4294967293,65
4294967293,64
4294967293,63
4294967293,62
4294967293,61
4294967293,60
4294967293,59
4294967293,58
4294967293,57
4294967293,56
4294967293,55
4294967293,54
4294967293,53
4294967293,52
4294967293,51
4294967293,50
4294967293,49
4294967293,48
4294967293,47
4294967293,46
4294967293,45
4294967293,44
4294967293,43
4294967293,42
4294967293,41
4294967293,40
4294967293,39
4294967293,38
4294967293,37
4294967293,36
4294967293,35
4294967293,34
4294967293,33
4294967293,32
4294967293,31
4294967293,30
4294967293,29
4294967293,28
4294967293,27
4294967293,26
4294967293,25
4294967293,24
4294967293,23
4294967293,22
4294967293,21
4294967293,20
4294967293,19
4294967293,18
4294967293,17
4294967293,16
4294967293,15
4294967293,14
4294967293,13
4294967293,12
4294967293,11
4294967293,10
4294967293,9
4294967293,8
4294967293,7
4294967293,6
4294967293,5
4294967293,4
4294967293,3
4294967293,2
4243767290,0
4243767289,0
4243767288,0
4243767287,0
4243767286,0
4243767285,0
4243767284,0
4243767283,0
4243767282,0
4243767281,0
4294967293,0
4294967294,1177
4294967294,1176
4294967294,1175
4294967294,1174
4294967294,1173
4294967294,1172
4294967294,1171
4294967294,1170
4294967294,1169
4294967294,1168
4294967294,1167
4294967294,1166
4294967294,1165
4294967294,1164
4294967294,1163
4294967294,1162
4294967294,1161
4294967294,1160
4294967294,1159
4294967294,1158
4294967294,1157
4294967294,1156
4294967294,1155
4294967294,1154
4294967294,1153
4294967294,1152
4294967294,1215
4294967294,1214
4294967294,1213
4294967294,1212
4294967294,1211
4294967294,1210
4294967294,1209
4294967294,1208
4294967294,1207
4294967294,1206
4294967294,1205
4294967294,1204
4294967294,1203
4294967294,1202
4294967294,1201
4294967294,1200
4294967294,1199
4294967294,1198
4294967294,1197
4294967294,1196
4294967294,1195
4294967294,1194
4294967294,1193
4294967294,1192
4294967294,1191
4294967294,1190
4294967294,1189
4294967294,1188
4294967294,1187
4294967294,1186
4294967294,1185
4294967294,1184
4294967294,1343
4294967294,1342
4294967294,1341
4294967294,1340
4294967294,1339
4294967294,1338
4294967294,1337
4294967294,1336
4294967294,1335
4294967294,1334
4294967294,1333
4294967294,1332
4294967294,1331
4294967294,1330
4294967294,1329
4294967294,1328
4294967294,1327
4294967294,1326
4294967294,1325
4294967294,1324
4294967294,1323
4294967294,1322
4294967294,1321
4294967294,1320
4294967294,1319
4294967294,1318
4294967294,1317
4294967294,1316
4294967294,1315
4294967294,1314
4294967294,1313
4294967294,1312
4294967294,29
4294967294,28
4294967294,27
4294967294,26
4294967294,25
4294967294,17
4294967294,16
4294967294,15
4294967294,12
4294967294,9
4294967294,8
4294967294,7
4294967294,6
4294967294,5
4294967294,2
4294967294,0
4294967294,1439
4294967294,1438
4294967294,1437
4294967294,1436
4294967294,1435
4294967294,1434
4294967294,1433
4294967294,1432
4294967294,1431
4294967294,1430
4294967294,1429
4294967294,1428
4294967294,1427
4294967294,1426
4294967294,1425
4294967294,1424
4294967294,1423
4294967294,1422
4294967294,1421
4294967294,1420
4294967294,1419
4294967294,1418
4294967294,1417
4294967294,1416
4294967294,1415
4294967294,1414
4294967294,1413
4294967294,1412
4294967294,1411
4294967294,1410
4294967294,1409
4294967294,1408
4294967294,1460
4294967294,1459
4294967294,1458
4294967294,1457
4294967294,1456
4294967294,1455
4294967294,1454
4294967294,1453
4294967294,1452
4294967294,1451
4294967294,1450
4294967294,1449
4294967294,1448
4294967294,1447
4294967294,1446
4294967294,1445
4294967294,1444
4294967294,1443
4294967294,1442
4294967294,1441
4294967294,1440
4294967294,159
4294967294,127
4294967294,126
4294967294,107
4294967294,106
4294967294,105
4294967294,104
4294967294,96
4294967294,95
4294967294,94
4294967294,93
4294967294,92
4294967294,91
4294967294,90
4294967294,89
4294967294,88
4294967294,87
4294967294,86
4294967294,85
4294967294,84
4294967294,83
4294967294,69
4294967294,68
4294967294,67
4294967294,1359
4294967294,1358
4294967294,1357
4294967294,1356
4294967294,1355
4294967294,1354
4294967294,1353
4294967294,1352
4294967294,1351
4294967294,1350
4294967294,1349
4294967294,1348
4294967294,1347
4294967294,1346
4294967294,1345
4294967294,1344
4294967294,59
4294967294,58
4294967294,1
4294967294,53
4294967294,52
4294967294,46
4294967294,44
4294967294,43
4294967278,415
4294967278,414
4294967278,413
4294967278,412
4294967278,411
4294967278,410
4294967278,409
4294967278,408
4294967278,407
4294967278,406
4294967278,405
4294967278,404
4294967278,403
4294967278,402
4294967278,401
4294967278,400
4294967278,399
4294967278,398
4294967278,397
4294967278,396
4294967278,395
4294967278,394
4294967278,393
4294967278,392
4294967278,391
4294967278,390
4294967278,389
4294967278,388
4294967278,387
4294967278,386
4294967278,385
4294967278,384
4294967278,383
4294967278,382
4294967278,381
